359
966
105
115
81
255
74
236
809
205
186
939
498
763
483
326
124
706
84
1016
795
488
487
909
886
346
302
611
563
927
201
922
870
306
13
951
561
88
163
346
293
349
261
791
88
745
94
212
427
178
205
198
667
692
84
529
14
386
116
577
289
317
476
135
624
489
62
161
577
225
508
871
574
769
638
663
490
732
875
918
911
56
92
554
748
176
59
763
562
175
316
852
492
792
987
92
258
26
254
835
251
762
682
826
507
297
465
998
5
316
892
916
373
984
446
97
137
505
860
699
680
153
527
149
945
491
241
179
517
495
1015
768
233
673
570
741
970
11
715
976
328
583
868
701
543
291
798
680
796
635
356
453
788
883
602
709
350
843
889
867
315
880
612
548
529
158
265
476
170
980
428
498
539
272
175
59
563
973
739
336
584
71
789
348
955
367
34
281
186
923
125
501
779
737
26
284
895
291
760
41
248
164
539
787
437
714
846
1000
664
562
312
224
633
77
573
564
444
607
846
631
506
971
108
261
684
134
545
555
426
282
597
674
446
112
437
883
827
260
860
467
822
148
691
431
226
240
996
670
847
818
277
329
765
386
590
425
520
112
980
946
394
553
596
840
666
10
700
469
270
536
936
68
684
603
499
910
844
471
557
667
265
834
997
6
196
563
431
717
675
388
639
45
941
212
886
583
222
562
28
492
74
964
560
758
544
35
645
364
507
178
7
772
1012
1004
779
185
544
186
902
195
574
517
241
492
729
103
51
951
665
80
419
739
20
979
473
564
1015
94
928
498
272
936
246
261
916
1
446
436
188
324
632
762
841
873
230
547
976
282
474
617
362
894
332
382
849
805
947
840
900
851
314
148
763
561
409
656
562
855
68
750
155
700
489
997
549
719
520
501
1001
994
94
339
864
426
722
690
208
645
506
84
472
821
232
212
358
642
868
920
473
936
647
629
613
112
602
138
831
98
640
809
68
734
124
933
137
846
599
345
467
81
429
940
902
661
128
236
279
996
133
753
908
780
358
497
892
960
636
699
34
252
484
102
986
609
11
99
431
610
444
899
692
873
815
570
511
943
807
790
915
940
519
799
696
877
273
564
813
909
239
847
137
724
950
99
309
961
199
740
548
643
615
216
493
406
786
1004
325
569
770
216
485
266
1016
157
119
265
721
933
150
961
756
287
661
682
386
970
620
585
686
144
205
278
360
698
684
122
678
1010
692
424
202
153
690
194
311
810
459
8
719
609
969
451
896
606
110
259
552
730
844
215
874
25
493
210
723
153
332
377
139
0
802
342
154
468
536
465
254
996
473
973
581
419
401
454
1
511
713
554
217
533
769
67
559
238
277
258
391
609
636
531
610
414
873
764
882
385
205
113
357
678
62
939
73
463
369
75
974
58
629
167
591
374
234
126
612
511
385
1003
97
1021
510
707
411
359
447
269
745
652
382
78
306
445
1017
380
908
362
455
859
420
60
2
1012
434
237
114
22
748
499
1
845
496
512
528
907
871
975
153
592
603
535
671
910
980
664
266
865
3
721
700
423
781
702
411
191
939
526
213
664
1
214
485
498
726
1014
381
574
965
534
142
545
46
813
431
2
454
697
867
457
394
543
880
151
222
268
342
137
794
555
801
795
769
263
269
472
253
651
22
194
161
164
739
207
978
146
210
408
843
53
865
213
597
721
364
819
989
706
956
759
237
734
531
1007
997
800
455
226
427
477
420
589
641
136
796
595
282
1006
1003
102
36
844
315
633
542
680
428
507
362
360
243
600
70
774
583
43
550
14
269
978
491
690
543
108
826
315
704
84
298
683
186
334
504
502
967
22
158
371
529
520
731
772
96
802
522
679
845
49
693
91
3
160
781
546
269
583
861
973
667
135
632
854
469
112
332
412
134
490
783
664
1010
491
412
83
269
935
762
90
984
432
181
987
592
962
509
861
521
346
810
165
482
419
1019
951
531
327
340
666
817
99
306
803
590
718
886
859
629
625
950
589
33
107
552
625
46
37
463
567
384
249
732
866
668
727
793
176
30
109
842
847
209
124
627
799
842
489
635
448
90
561
13
123
668
566
749
714
603
188
258
987
437
990
829
82
694
599
258
724
708
76
548
917
200
151
693
18
640
304
466
731
865
480
854
509
22
579
200
625
767
458
589
181
424
394
263
94
993
521
819
678
597
343
571
797
494
240
815
110
544
258
841
385
738
672
895
760
227
71
361
995
529
950
152
953
321
415
24
290
936
843
968
509
162
516
282
656
756
73
766
277
331
584
662
45
232
533
805
459
604
143
430
109
69
582
39
390
997
63
681
909
906
625
394
44
117
676
700
874
750
442
127
57
2
789
103
234
299
908
694
903
27
100
1013
97
683
28
487
656
91
144
542
997
770
936
17
887
589
717
737
315
135
864
372
138
630
475
372
929
360
42
808
387
143
797
484
826
825
972
458
916
92
1000
889
862
913
906
726
478
599
439
793
735
280
141
873
910
617
221
815
977
264
599
340
407
373
825
209
174
773
667
67
865
644
956
704
533
839
406
1011
414
845
780
125
101
921
998
1011
514
196
802
467
460
378
808
867
751
609
52
925
358
719
992
199
339
925
903
872
740
285
859
130
107
615
256
208
513
230
196
3
426
998
471
886
352
255
729
79
864
781
1005
198
477
973
397
816
874
277
665
590
562
500
721
669
92
977
878
605
183
50
608
610
24
55
472
377
310
178
456
150
959
437
348
412
387
746
205
237
1023
870
828
561
346
525
207
438
478
61
19
661
111
628
247
135
683
720
512
994
898
969
120
833
382
469
222
769
191
427
1007
190
273
811
751
619
312
958
34
790
1019
53
427
106
681
675
242
341
371
754
311
245
699
431
54
58
900
276
827
67
703
810
257
976
597
1009
572
909
943
606
675
939
659
79
21
317
754
263
658
101
1018
969
346
693
376
400
751
253
677
555
320
356
341
578
309
939
563
881
824
482
463
476
397
98
555
419
415
285
682
49
386
676
1018
732
346
371
108
73
624
785
628
944
118
970
498
427
885
37
284
685
520
747
137
917
845
692
312
237
977
995
286
339
647
281
47
993
652
156
43
252
941
671
172
35
617
671
462
478
708
746
140
204
469
277
98
291
970
410
528
923
381
814
239
5
71
286
998
723
442
17
975
360
689
124
395
282
795
858
761
479
580
901
684
26
154
782
317
100
168
845
0
550
635
239
555
707
525
529
406
968
547
358
304
212
482
699
494
253
533
231
732
90
108
392
116
263
150
433
363
319
254
363
869
889
602
400
572
104
929
979
48
452
313
352
664
795
27
135
24
561
366
756
651
475
125
767
738
275
176
77
594
430
441
439
295
19
839
868
123
745
823
171
173
112
523
838
907
551
973
931
88
315
663
739
790
788
482
504
40
658
582
634
64
1023
50
359
18
889
203
142
610
2
313
784
114
837
598
1021
364
547
928
452
862
568
167
629
332
649
109
372
283
691
1007
347
690
33
706
709
922
910
851
509
912
140
269
3
977
867
0
317
390
929
769
228
473
936
857
805
561
967
154
844
634
137
167
301
170
874
1010
68
760
837
577
648
977
846
651
931
689
652
224
55
557
994
284
6
906
117
811
444
60
965
264
695
78
432
996
248
282
982
317
18
795
894
666
748
717
294
655
382
946
880
438
479
850
722
485
732
839
272
152
900
214
417
571
292
849
543
541
107
501
858
125
272
728
791
1020
421
61
652
804
1007
508
218
462
334
940
947
42
755
196
195
631
410
612
178
702
437
721
219
544
198
53
669
470
782
436
467
179
498
95
983
481
603
177
944
937
93
867
979
849
39
150
456
449
762
635
128
175
332
347
719
531
401
364
1001
159
801
444
338
275
539
298
756
118
475
676
31
569
520
1011
394
559
137
850
1009
900
461
113
51
794
460
771
301
861
111
278
1020
912
723
335
163
238
633
920
357
84
572
388
653
68
375
23
628
513
874
613
389
311
726
440
81
162
187
382
0
299
661
1020
187
360
331
351
598
964
247
955
25
819
320
678
888
695
702
492
184
552
81
573
863
807
1014
945
969
177
303
969
476
964
966
664
300
273
1015
899
214
238
830
239
33
126
917
921
822
595
389
1006
123
470
556
987
253
546
908
199
723
187
144
176
128
86
840
428
360
831
303
574
45
110
813
78
236
706
1000
34
278
365
17
401
836
573
364
65
95
248
264
818
436
409
994
564
495
810
992
855
617
272
405
662
382
194
741
618
901
717
653
155
58
670
556
894
219
921
960
314
145
200
108
581
609
79
121
81
889
90
936
483
362
318
121
744
512
862
338
389
555
991
544
614
637
77
484
856
998
420
146
119
621
255
701
206
334
822
287
199
912
200
682
250
518
804
994
6
642
309
396
174
276
940
788
914
1017
248
746
991
669
893
87
266
124
788
472
458
586
760
657
475
960
316
725
454
96
696
460
738
1005
856
912
257
773
676
147
766
925
894
734
570
763
821
836
887
585
284
321
147
20
978
622
980
270
324
410
366
1020
871
81
1001
703
993
234
452
646
382
195
547
252
929
93
1015
726
929
878
287
189
175
434
210
129
33
166
400
357
577
766
353
424
847
330
103
817
564
556
439
946
751
986
174
656
55
165
358
984
19
645
149
194
55
359
324
88
526
724
445
79
466
798
503
290
104
606
83
669
138
522
591
889
484
766
521
539
931
879
499
951
500
648
121
556
1008
445
644
510
145
66
589
612
864
68
902
969
674
985
614
813
483
181
678
967
947
176
482
855
31
981
782
532
605
903
64
589
325
708
75
470
774
664
58
615
732
960
560
383
921
150
172
380
331
850
323
255
2
805
86
34
762
868
566
344
747
630
933
48
314
1009
519
65
649
577
680
358
514
216
741
411
366
913
792
697
739
91
952
742
897
14
776
635
882
318
979
606
948
889
654
238
874
149
303
499
727
983
857
217
175
574
628
541
463
396
215
179
488
143
921
361
158
673
996
16
991
952
622
915
817
253
129
667
402
433
142
105
392
1000
322
568
550
951
85
1014
323
300
169
811
444
66
148
602
739
121
618
706
49
217
597
866
470
726
509
872
135
651
978
528
627
276
72
154
203
157
144
527
458
313
314
902
379
463
480
94
584
74
800
633
291
373
475
761
75
984
610
211
611
564
739
215
840
811
369
20
968
513
547
402
826
861
280
181
300
760
275
884
835
51
493
102
424
968
864
499
928
450
710
516
1014
425
731
830
212
76
850
157
589
373
559
391
211
840
572
511
576
847
372
387
898
865
490
298
810
330
797
714
780
484
206
770
909
937
576
98
1013
403
255
578
776
814
969
987
630
517
475
183
340
847
570
214
688
36
512
474
366
286
165
122
770
371
892
655
285
445
753
274
848
1008
853
600
799
798
564
405
292
15
588
632
862
135
847
526
171
335
1001
538
621
142
660
367
513
529
1023
798
974
752
49
798
737
902
374
512
676
938
917
968
953
482
577
791
617
400
294
788
735
271
302
333
413
963
700
926
468
699
701
418
428
750
192
141
628
566
653
280
481
546
225
410
4
802
178
621
178
472
386
913
743
688
222
132
627
923
34
71
598
735
489
2
461
681
143
65
224
796
346
705
319
571
91
323
349
269
945
527
741
307
416
460
995
639
592
599
538
627
670
112
338
136
115
800
817
258
865
17
31
187
722
350
758
814
673
83
59
594
610
801
901
3
237
873
642
830
448
156
433
94
268
771
230
383
547
24
642
389
41
673
576
764
1023
311
554
672
394
613
243
1005
390
120
1008
628
993
626
434
417
782
867
512
26
614
742
410
138
766
28
527
808
701
79
548
700
390
78
348
785
691
591
766
58
712
750
686
681
352
96
75
110
963
587
136
553
305
546
691
48
574
194
856
251
274
380
951
664
458
276
425
125
867
167
183
555
917
869
213
245
965
288
355
904
875
492
434
156
14
101
204
589
296
36
840
570
416
768
210
874
20
636
1000
887
803
159
419
697
5
632
942
970
920
274
851
771
766
261
927
780
362
108
345
658
144
162
204
561
930
415
411
950
27
387
813
830
547
208
503
552
840
422
498
736
696
325
483
438
586
387
194
949
495
540
583
639
702
788
176
608
179
588
534
206
975
323
12
498
532
516
26
348
938
525
61
610
850
544
24
413
931
218
338
402
758
921
18
436
685
194
20
864
782
554
46
734
878
59
208
386
575
235
734
489
760
795
75
586
316
99
999
223
317
313
626
52
211
644
488
896
838
509
737
597
39
783
307
917
842
515
279
393
750
1014
882
486
785
957
49
77
32
24
301
350
338
927
402
549
547
890
421
361
375
134
958
415
918
241
308
736
757
588
106
483
578
988
970
339
922
1019
417
954
19
718
280
357
621
682
906
144
549
304
505
924
438
440
315
332
681
624
45
414
188
151
898
766
115
844
81
13
839
498
968
858
192
224
192
813
907
74
957
432
378
439
332
817
879
648
125
536
248
170
951
436
321
825
178
437
645
259
450
460
758
394
294
950
619
486
740
502
561
673
934
939
88
242
732
967
890
858
480
114
4
407
550
326
208
728
763
853
988
189
289
722
584
583
648
179
46
364
681
607
14
591
522
102
833
231
46
700
65
526
814
69
933
341
395
117
45
134
970
9
324
235
731
908
818
356
63
864
720
744
447
734
311
970
837
120
177
883
820
242
385
611
311
294
952
707
411
997
841
357
1007
141
592
714
25
386
46
88
227
767
832
674
477
119
620
290
240
797
149
36
15
534
647
327
828
575
10
215
549
851
572
532
993
140
222
1018
527
269
83
754
12
915
404
489
11
1
780
251
798
929
287
814
440
935
117
244
486
127
460
11
978
8
543
947
149
766
942
676
11
1
406
23
916
810
512
927
811
268
154
586
174
442
376
614
353
493
858
839
620
294
851
574
303
370
498
452
112
416
104
123
417
510
146
309
296
659
213
84
927
367
670
77
809
22
691
138
515
526
978
111
820
805
685
99
151
159
551
264
575
655
387
992
141
534
278
438
169
491
522
72
858
168
150
644
190
841
782
705
343
736
816
140
517
477
239
669
637
791
933
188
422
296
157
564
830
435
1002
999
926
500
48
760
668
198
380
858
15
139
539
359
875
331
499
369
808
738
14
421
505
947
610
928
219
767
468
26
178
446
1
80
946
49
840
590
247
197
424
263
336
963
622
187
270
97
556
54
835
570
476
317
493
62
221
713
829
689
739
1007
111
740
63
33
790
903
623
13
76
23
276
412
986
898
600
232
995
132
286
807
703
762
100
172
824
321
885
629
1010
600
612
97
317
675
130
83
555
753
96
631
776
373
20
738
247
620
970
219
752
232
2
431
995
102
604
795
423
465
401
409
42
1013
506
359
665
636
442
196
365
538
827
117
911
847
855
135
443
801
354
172
9
356
603
1004
458
183
776
881
649
153
266
691
142
772
26
807
384
468
1003
749
1006
807
866
894
630
697
5
50
474
359
222
483
715
825
464
149
1009
216
6
634
369
272
301
511
20
327
295
404
795
274
129
777
57
995
647
688
668
652
738
118
1011
960
601
702
761
41
851
746
257
857
356
626
105
657
114
125
984
409
529
755
683
658
509
741
629
132
405
273
785
119
391
772
55
993
451
816
10
278
539
268
112
895
894
217
529
1008
343
489
393
872
221
53
507
730
794
112
862
175
386
623
294
777
372
349
746
823
141
757
77
680
1
189
552
895
407
57
880
750
546
249
598
767
302
81
473
72
194
312
247
580
935
541
333
283
890
56
82
8
813
160
688
814
349
216
685
756
273
541
482
820
791
57
563
69
138
13
142
332
325
389
912
236
931
222
520
797
278
602
805
67
762
470
881
88
686
542
844
960
60
303
756
851
360
295
920
498
308
38
831
633
428
719
870
335
941
366
108
195
968
914
262
707
360
119
795
22
662
615
982
722
918
714
549
254
1010
445
753
294
484
560
928
912
255
774
223
173
116
331
368
60
221
631
767
581
750
538
604
388
130
562
86
24
253
635
279
239
57
8
533
541
568
437
429
823
187
652
996
303
983
341
364
181
972
107
762
698
646
342
63
776
905
149
800
134
785
55
373
842
63
906
359
631
320
788
431
507
416
403
811
375
744
151
556
692
258
295
367
904
637
430
656
518
579
433
652
340
488
1
158
552
908
517
159
204
281
590
711
697
994
498
49
714
649
605
383
908
900
750
788
514
156
421
8
735
854
661
52
318
662
210
870
546
728
6
750
1009
596
438
683
566
936
732
257
562
313
640
446
190
366
210
704
522
631
712
233
461
349
285
780
1012
496
626
534
200
632
261
185
205
699
868
771
611
576
4
149
890
644
595
56
1010
806
760
508
413
448
742
875
798
3
631
786
499
233
296
699
866
557
885
47
232
729
818
844
282
823
993
148
443
565
204
430
347
964
938
760
388
656
611
162
660
218
948
135
452
221
835
294
778
696
341
1011
401
135
831
683
958
800
831
378
341
11
808
688
975
722
425
340
355
12
502
1015
231
427
126
683
648
961
977
402
633
294
389
11
429
196
694
364
997
502
742
314
513
526
1003
465
224
404
805
579
416
283
570
647
710
697
306
334
634
259
737
244
553
102
255
983
299
949
323
272
427
41
586
941
567
565
382
791
969
163
347
362
446
917
1009
133
590
292
467
201
551
180
445
81
283
700
40
582
625
363
854
29
404
416
970
971
982
328
738
927
491
61
265
937
979
251
46
545
543
514
746
70
694
167
151
977
867
191
535
469
554
365
498
958
782
444
905
740
772
620
643
239
681
909
152
636
136
199
158
679
713
904
749
383
48
901
337
915
68
872
360
623
214
858
557
996
278
439
712
26
35
331
265
716
216
418
329
352
617
487
7
306
367
757
689
415
634
2
307
702
875
667
301
65
502
859
37
780
274
749
807
309
56
48
1
273
466
330
625
59
817
633
365
161
366
31
576
1000
33
883
678
908
527
980
973
5
815
1010
785
65
735
568
374
792
617
375
41
59
706
666
119
499
275
484
660
641
515
213
617
549
72
272
433
599
228
383
604
19
369
366
84
81
934
458
873
527
833
914
587
515
556
706
1015
832
166
651
449
682
864
43
207
937
315
640
512
543
1023
93
562
369
459
646
450
369
80
299
897
913
189
460
405
745
142
396
553
308
23
1003
990
888
22
173
801
337
814
289
880
813
382
418
158
841
40
608
187
120
907
60
9
72
520
414
818
662
810
347
970
834
326
937
698
348
86
475
685
900
764
541
690
123
959
848
964
999
433
127
95
316
187
105
389
707
519
183
345
306
530
292
116
857
205
814
181
291
265
867
168
5
384
858
128
320
682
69
295
91
196
391
408
384
496
797
67
1015
980
413
297
486
705
413
319
910
203
501
177
468
344
345
474
728
179
602
24
862
671
320
953
868
711
337
228
183
110
295
174
66
708
472
553
389
885
872
275
65
349
453
533
693
798
1007
398
978
586
422
816
233
742
745
77
429
59
305
612
169
601
787
236
285
235
789
675
96
637
950
161
987
379
695
656
154
678
30
108
240
453
924
474
171
645
551
601
704
857
189
874
434
976
86
719
187
875
370
284
488
297
445
451
676
116
84
830
795
114
938
11
567
838
485
739
460
13
316
140
870
505
1014
280
458
76
999
645
951
346
929
416
643
351
867
295
467
951
102
238
42
16
250
609
855
735
324
291
748
640
431
594
122
422
874
580
498
850
201
426
172
107
842
815
458
685
86
925
613
188
140
655
205
390
240
36
101
565
327
850
181
758
420
303
156
271
883
655
97
61
57
269
168
899
60
626
560
146
527
149
335
667
804
540
33
21
576
135
586
903
985
767
637
381
47
794
652
930
425
749
991
482
1018
135
357
54
761
917
201
265
43
536
932
847
52
966
868
628
77
430
507
38
174
120
419
221
914
48
127
315
797
95
797
792
230
130
846
992
24
23
233
67
559
141
914
611
83
759
215
160
165
722
198
339
843
618
560
733
666
688
25
439
783
822
207
1013
953
30
981
977
53
190
20
613
332
934
200
415
669
416
576
835
114
774
150
957
368
711
667
10
375
692
450
134
490
657
123
419
687
81
372
741
271
392
330
603
303
530
1019
972
946
571
783
37
321
934
994
690
621
637
700
996
305
126
106
796
784
229
191
447
310
564
164
582
956
494
161
235
1
156
184
947
727
967
984
25
877
955
715
474
568
391
446
874
518
552
646
278
782
837
725
68
377
890
650
310
360
812
545
361
968
729
285
672
673
245
697
526
176
388
1001
745
779
423
595
273
976
217
551
734
30
253
802
408
119
429
718
479
217
239
841
161
969
102
833
618
347
506
120
524
894
97
245
650
521
840
923
473
33
451
183
63
704
985
471
823
390
165
278
607
405
95
769
350
197
578
968
545
61
64
45
955
162
290
581
683
106
481
132
139
932
315
202
612
276
674
411
667
839
689
250
220
785
1019
570
982
574
514
503
635
579
548
566
741
838
124
400
944
605
532
59
513
847
262
101
99
936
512
766
751
177
1017
972
962
1012
518
921
562
9
400
173
588
949
740
305
763
864
705
684
445
213
743
958
36
1005
35
135
917
547
902
645
724
895
593
663
883
87
560
422
96
960
595
684
885
311
989
625
151
670
285
596
883
4
530
919
1010
565
31
903
88
933
524
813
804
93
452
663
181
1012
61
277
948
657
962
810
968
927
411
96
574
696
692
433
700
199
329
686
764
360
566
853
269
66
642
49
160
70
712
341
58
774
618
1006
407
556
792
351
460
179
447
10
875
116
443
552
315
772
214
55
108
780
908
377
847
526
426
1007
596
115
324
654
889
942
637
272
475
405
623
935
585
47
945
436
163
364
988
478
113
179
533
221
959
418
599
782
944
1
765
517
116
65
147
1005
1008
784
253
459
166
877
370
751
924
291
163
63
655
128
541
768
307
50
990
242
468
565
1
389
566
766
906
683
832
29
664
816
814
918
251
980
771
621
707
671
912
870
734
543
998
251
288
281
301
254
524
770
819
525
135
361
267
17
20
75
46
685
891
860
579
118
816
326
739
499
997
627
346
707
147
320
958
435
602
235
689
102
1005
484
627
116
845
894
133
866
970
180
527
837
16
82
956
833
408
671
308
381
275
654
64
422
975
1022
857
553
233
522
655
215
1006
258
331
827
128
465
669
74
645
172
912
661
254
844
470
662
491
779
19
766
409
83
164
360
81
1021
913
315
519
544
530
501
802
861
305
931
302
974
1005
947
123
893
585
377
713
31
16
181
810
35
947
196
119
88
556
200
85
446
515
605
990
21
82
769
883
387
676
161
338
657
85
461
527
670
838
216
701
854
397
488
890
321
684
1009
409
216
185
494
662
701
75
629
722
158
374
581
545
26
743
883
683
828
320
186
474
135
403
151
989
800
639
855
97
299
840
506
516
2
1001
154
703
52
783
401
210
133
983
756
159
702
615
843
506
936
5
980
47
408
107
12
185
747
868
282
22
684
789
538
686
766
693
365
818
452
767
5
586
726
761
745
404
352
564
910
264
570
866
311
978
973
324
139
696
168
422
719
852
187
233
515
953
926
880
747
355
623
752
941
325
489
662
729
842
203
615
82
773
457
394
727
407
718
867
79
886
265
798
714
452
8
205
381
934
62
104
265
685
857
182
1011
322
845
716
140
24
308
223
797
765
617
500
148
311
343
228
173
608
2
887
36
10
69
417
945
131
522
186
816
355
369
803
677
190
496
818
214
804
17
1011
545
634
487
694
945
831
922
94
415
924
981
452
935
26
869
856
157
367
18
974
722
387
753
376
577
225
170
791
5
187
778
551
821
242
221
742
49
119
836
464
19
793
916
954
820
762
786
977
105
805
927
828
168
657
180
746
882
350
513
888
537
268
415
334
510
636
52
559
755
888
1023
774
657
916
705
453
654
467
407
759
248
310
563
417
967
743
139
826
69
652
690
606
920
81
940
406
717
992
965
448
856
965
198
490
857
903
943
487
347
326
222
595
637
786
1012
580
505
127
382
575
780
48
157
676
129
74
59
846
42
0
270
899
965
469
365
798
348
284
261
695
611
484
267
224
246
255
804
751
383
163
302
139
211
460
815
341
534
874
163
576
875
434
451
816
903
816
591
227
77
852
923
688
312
166
912
558
421
692
286
804
855
588
943
43
24
735
384
558
585
547
111
436
981
562
229
860
355
820
64
432
648
987
96
961
129
1008
495
550
676
781
331
508
346
250
551
370
985
935
929
547
458
16
983
416
578
188
252
933
1008
316
341
633
279
437
570
408
421
41
959
74
823
266
582
145
516
109
515
478
20
420
1
478
436
984
894
1015
149
123
924
133
439
242
766
719
679
312
103
77
354
38
151
153
304
733
298
821
842
813
275
862
210
276
316
646
236
187
637
385
310
538
519
749
780
261
444
435
574
548
512
928
586
663
57
891
372
355
688
190
144
963
28
354
215
345
1001
451
532
614
837
842
128
332
567
908
593
1012
320
143
536
832
47
98
472
104
989
844
459
653
11
604
592
39
958
807
384
935
235
916
526
48
734
654
380
278
539
973
266
859
93
802
667
140
900
115
245
866
960
704
495
971
284
64
1010
219
871
371
130
82
263
656
130
998
287
510
252
826
460
518
661
553
296
304
693
172
420
938
14
356
619
510
303
903
574
289
98
421
660
229
504
924
885
634
898
148
121
126
974
581
644
611
110
940
916
803
88
312
718
103
668
313
613
971
192
163
236
291
584
897
520
64
797
381
699
671
530
820
797
480
377
417
68
487
333
984
266
421
272
984
524
940
273
113
887
466
276
99
757
861
996
253
925
769
634
600
416
140
396
189
621
773
606
689
236
939
649
503
337
921
463
861
837
737
975
700
179
227
799
936
64
772
165
990
517
799
566
934
940
963
99
537
712
706
202
949
621
851
428
958
748
891
796
561
604
747
237
783
974
12
695
15
784
860
1005
278
636
547
188
552
486
287
65
175
993
267
100
591
94
528
525
842
395
297
379
1000
20
616
759
995
628
431
1010
389
267
991
667
903
514
855
431
1001
118
496
152
88
763
252
679
857
780
180
675
151
478
30
127
498
646
887
469
251
294
455
640
561
422
283
441
937
114
872
914
232
345
42
320
84
294
999
942
50
156
593
201
634
624
329
108
246
192
578
497
486
9
113
23
432
396
464
345
510
313
235
743
658
277
39
742
571
15
660
621
171
230
822
805
854
127
913
76
319
467
574
805
477
687
829
909
60
269
230
570
582
465
289
216
742
329
959
289
344
595
910
515
825
708
296
655
836
185
732
131
653
282
937
106
969
742
1015
5
1011
221
576
570
686
865
786
404
170
721
693
514
293
579
5
94
263
301
750
75
487
458
207
116
740
120
222
685
862
213
691
849
434
243
395
96
84
158
500
255
879
169
769
148
748
775
243
1011
52
993
63
539
427
270
655
143
390
877
828
228
66
495
53
500
738
449
596
823
607
72
54
462
241
823
611
989
574
854
977
627
823
16
142
226
286
798
369
676
651
173
904
718
669
957
194
383
382
791
182
989
863
236
428
81
36
15
46
610
869
1023
213
668
15
356
894
301
130
239
977
781
412
857
475
57
791
670
441
149
437
623
115
276
860
543
357
896
558
404
482
403
403
696
47
419
28
941
720
158
156
674
939
568
507
391
626
274
37
43
424
474
666
539
750
502
58
84
374
616
488
857
1019
891
529
42
286
557
983
1007
715
115
657
630
683
140
1021
285
415
34
328
839
508
995
354
235
473
412
319
848
4
807
681
1023
674
186
41
961
743
0
944
434
115
577
40
798
717
38
60
108
72
388
947
581
359
277
816
833
689
111
657
693
918
314
692
568
500
733
505
219
733
425
653
848
1002
693
623
696
731
683
804
804
47
728
361
407
1005
153
216
671
264
873
340
158
163
9
726
663
742
208
882
452
633
511
276
612
180
899
284
912
558
64
692
606
792
29
1013
774
182
205
421
446
54
761
604
217
770
306
880
489
514
738
941
124
225
193
736
405
69
1020
293
627
60
985
209
853
1014
198
603
172
403
0
618
457
761
198
674
508
505
530
997
1019
244
914
119
469
83
855
875
152
851
144
780
912
106
989
741
96
164
320
269
567
320
887
1
57
62
675
565
567
182
538
562
426
428
682
896
512
513
747
664
341
891
420
229
997
386
970
70
550
266
339
93
586
202
94
643
264
770
185
831
952
723
370
354
128
28
226
640
541
973
280
882
841
701
87
814
63
33
884
613
299
199
706
885
402
801
505
666
547
690
474
475
389
844
829
517
872
32
133
389
1005
414
248
822
91
335
613
154
369
473
767
668
673
449
530
51
226
11
717
773
701
167
224
66
1011
30
584
859
62
717
225
43
107
473
866
198
808
455
352
153
928
95
822
577
545
328
628
771
339
322
521
16
489
745
82
477
775
666
312
837
360
537
881
467
1010
723
666
795
154
1018
948
58
90
746
636
635
50
240
382
389
562
903
405
28
625
488
505
376
130
817
190
490
331
47
958
317
770
600
88
924
594
13
982
684
759
594
295
810
835
678
175
373
557
581
401
158
45
906
535
175
700
725
666
7
772
600
324
518
176
413
418
770
426
376
431
161
971
726
971
782
380
123
131
938
704
533
72
749
415
607
924
91
308
566
98
56
142
423
574
318
836
992
65
238
345
496
399
292
198
347
50
579
470
181
493
150
714
565
899
106
149
799
197
457
342
296
514
484
719
64
803
531
33
868
769
378
340
144
670
538
491
720
93
961
901
586
87
592
128
986
698
277
762
895
734
80
167
224
564
886
289
343
393
322
187
138
700
527
283
346
42
774
42
135
712
943
722
799
511
850
762
185
103
500
57
837
580
224
38
120
87
327
464
480
649
651
619
325
155
902
671
197
652
713
332
340
632
30
116
120
880
878
305
983
354
362
797
934
587
835
30
674
138
494
130
787
122
749
88
277
627
759
474
256
448
806
596
56
837
712
176
693
566
482
653
920
844
426
830
407
237
861
57
375
331
188
138
453
937
226
730
541
985
180
797
409
987
369
465
800
58
642
469
624
100
98
521
944
524
327
328
761
164
385
112
496
573
250
949
487
476
656
4
437
836
801
846
799
146
288
575
204
930
21
829
6
119
326
950
644
653
254
381
818
640
494
290
189
744
215
676
197
871
680
634
684
457
457
459
604
745
11
808
651
32
613
657
151
939
583
795
569
838
153
363
454
647
653
643
367
868
296
564
716
976
175
376
410
632
835
1014
353
846
798
1004
878
388
637
6
303
196
801
872
10
954
211
464
577
864
84
945
709
380
485
401
332
660
777
742
268
588
732
621
411
507
601
265
895
214
271
174
411
49
23
421
1003
234
886
557
75
970
478
784
326
963
161
658
600
938
377
868
502
85
466
913
592
43
155
463
258
426
638
669
475
661
66
455
895
952
1012
970
898
466
730
200
405
891
859
1005
805
212
850
284
297
292
173
890
335
328
329
593
755
967
238
206
604
305
661
476
233
649
422
108
91
129
308
497
1020
143
478
802
355
304
62
653
596
235
519
932
564
848
501
295
792
740
501
372
21
139
848
254
788
247
362
880
376
671
353
372
814
831
150
146
112
212
799
708
448
294
616
1012
118
94
283
910
834
784
259
855
923
83
85
688
330
448
544
706
95
897
55
909
704
205
31
816
418
830
501
866
100
93
854
219
187
113
105
1021
897
364
852
797
448
938
461
778
362
1005
461
457
878
516
342
558
721
374
351
115
180
852
981
281
945
811
500
109
924
605
106
798
970
959
571
394
873
8
148
211
1013
609
668
867
101
1010
401
823
360
752
938
541
580
896
822
502
683
298
611
584
903
717
358
849
652
929
219
501
937
368
712
926
977
356
769
55
343
146
878
703
899
792
220
455
664
18
957
324
316
544
908
196
238
242
21
890
147
241
368
60
609
56
986
562
413
731
617
756
877
471
435
752
240
656
184
904
674
117
204
991
662
88
163
900
330
184
766
477
425
110
537
10
167
499
573
580
206
166
312
60
638
747
812
878
379
996
758
30
90
963
1021
752
27
160
628
358
344
370
835
770
481
349
780
648
848
329
204
31
496
516
91
110
239
903
988
619
876
722
649
966
661
646
694
689
806
298
23
126
668
858
896
125
183
653
773
8
982
977
39
454
469
130
564
709
9
528
304
885
227
953
827
888
575
497
553
357
795
576
483
440
411
356
565
594
1009
315
602
967
268
641
398
738
771
962
423
781
467
727
642
694
656
446
558
207
943
88
564
715
664
23
131
51
379
696
646
364
1011
224
308
256
866
706
994
613
644
393
370
87
96
1013
781
752
435
316
959
354
404
499
45
44
522
176
96
902
873
742
242
860
966
550
92
808
232
62
398
877
455
768
964
551
757
722
279
168
14
214
523
418
713
568
462
212
745
558
90
594
276
332
430
219
883
523
3
91
585
401
968
17
146
909
568
903
607
848
48
621
38
571
15
752
115
477
964
860
12
30
430
288
362
861
507
221
360
511
313
945
912
257
962
34
142
507
938
749
331
986
346
369
533
361
97
648
839
37
485
851
67
915
115
430
752
623
651
88
110
964
10
1022
198
972
33
340
455
971
66
786
933
412
132
442
774
229
66
589
267
551
416
334
443
531
764
171
130
392
260
240
332
270
239
530
218
272
871
674
219
937
436
128
325
568
570
75
798
636
664
41
164
56
375
607
588
116
778
718
508
14
959
840
284
174
347
503
446
194
153
665
107
589
793
432
134
339
508
932
975
148
973
115
205
324
722
793
440
477
487
948
491
422
765
776
596
88
255
18
282
408
683
389
997
452
821
107
791
305
15
743
454
988
858
659
289
557
428
729
10
915
654
501
314
395
253
910
483
508
929
765
916
588
130
890
17
951
997
808
233
1013
527
687
977
362
322
242
919
750
972
929
641
602
406
955
997
660
842
456
144
747
197
37
311
327
927
328
254
900
113
487
889
640
150
843
1002
472
61
897
198
9
802
840
611
185
771
584
845
589
16
989
312
213
2
624
540
929
952
795
806
41
258
671
682
409
490
660
881
552
534
56
561
312
896
149
497
643
733
318
209
750
284
521
963
286
121
480
192
50
251
998
91
509
645
773
918
112
410
776
664
944
832
201
232
704
350
730
323
60
24
532
810
308
30
749
595
151
205
787
201
456
761
293
966
382
42
860
494
452
612
134
372
420
336
605
100
686
311
424
746
335
956
532
644
986
258
215
114
463
1002
315
920
739
608
862
97
651
698
592
79
287
726
452
707
38
33
808
725
344
208
447
679
140
980
299
103
214
514
217
677
492
532
573
207
117
411
305
768
86
897
847
373
599
275
56
638
308
864
339
652
48
786
308
189
742
607
292
956
98
509
610
590
17
159
798
134
571
79
902
657
976
726
6
551
1001
62
165
286
927
504
938
975
267
222
140
1009
830
432
942
928
941
528
494
959
687
268
69
234
347
972
891
299
674
897
851
651
960
1016
937
863
497
852
814
764
50
955
749
880
363
667
784
281
171
255
216
859
523
285
69
871
233
961
146
907
834
997
535
770
990
448
609
463
276
400
203
327
331
952
183
694
596
968
975
767
199
167
602
722
453
672
569
686
609
716
570
419
689
81
166
655
529
775
94
806
151
297
109
482
226
292
153
822
236
104
565
435
272
144
134
725
816
703
387
401
395
957
820
61
14
986
716
544
738
811
326
889
84
435
348
310
727
501
108
964
605
674
375
877
818
509
578
610
189
966
1011
584
899
807
645
914
770
338
434
484
125
760
349
209
171
697
520
898
174
628
838
780
278
190
633
72
699
188
682
888
130
669
449
5
453
70
919
199
408
329
683
533
65
8
743
236
706
239
111
880
867
949
636
122
115
246
194
815
434
877
679
564
522
104
569
975
175
465
150
583
794
833
93
860
842
836
72
524
51
183
380
918
109
1017
16
224
239
211
15
673
64
695
213
586
799
782
538
974
223
688
534
1018
498
627
854
316
439
926
840
490
86
196
384
195
189
401
419
428
612
435
77
676
106
290
238
905
49
776
856
272
441
366
266
939
993
96
231
408
1023
47
898
85
243
258
280
433
659
699
861
247
110
939
923
216
205
138
98
254
914
954
527
331
296
793
246
265
890
477
673
889
524
547
974
768
805
230
177
441
929
14
688
16
953
588
232
135
726
330
389
616
260
916
948
556
686
170
821
552
648
470
417
148
1017
367
916
799
597
69
216
502
84
904
518
13
468
751
148
170
57
538
787
318
430
711
874
92
881
672
644
505
118
37
654
112
404
546
911
1001
616
103
480
700
1007
998
713
452
725
862
622
783
376
385
77
806
72
951
899
954
599
519
435
718
557
65
830
961
612
717
939
204
820
395
904
803
369
593
231
71
431
854
854
807
215
931
590
288
858
465
218
434
984
653
128
517
719
958
455
307
651
370
511
447
765
391
226
110
984
458
181
392
288
11
175
503
942
765
791
777
206
1009
187
167
639
315
684
334
249
115
641
900
485
128
323
226
519
549
337
479
1007
518
871
271
530
23
775
448
788
542
201
995
528
388
138
143
703
822
477
952
938
94
828
399
222
127
626
741
677
963
196
660
457
44
932
987
67
683
412
855
201
613
826
729
1002
964
872
681
763
325
610
677
419
414
52
641
542
678
358
195
617
555
855
51
599
763
14
666
422
426
497
624
16
300
329
1018
240
178
675
1003
503
261
656
923
676
709
540
194
363
899
389
981
430
220
8
5
984
22
671
382
449
144
1006
465
444
312
459
685
490
110
664
993
372
297
892
24
1006
409
218
345
284
607
302
714
827
310
719
787
333
366
146
782
510
128
223
955
440
682
616
930
792
256
900
140
553
768
164
535
153
382
881
437
989
159
127
793
470
846
556
803
188
702
561
699
831
784
630
247
442
222
154
210
478
30
351
8
798
515
543
952
898
400
365
863
560
493
632
6
315
165
809
504
867
346
179
674
106
809
922
548
7
52
758
485
82
85
493
880
601
13
808
475
413
150
314
973
643
947
979
958
88
764
438
955
86
617
606
192
402
504
740
409
556
475
895
638
560
364
494
137
377
279
612
791
429
927
740
48
850
696
1006
938
436
421
869
523
14
451
715
417
955
432
826
487
907
697
101
443
38
596
581
415
875
169
182
280
72
923
328
922
595
310
836
7
731
682
530
746
109
222
139
41
654
965
528
537
639
630
980
677
202
537
68
53
707
251
333
779
150
661
678
745
971
490
752
679
148
259
401
258
481
540
299
111
481
827
648
96
433
604
773
635
118
842
688
825
69
1021
580
219
658
234
964
606
725
692
261
873
951
662
107
408
178
406
519
659
210
143
756
643
748
505
255
866
323
943
667
392
941
223
611
575
458
551
157
159
220
418
8
147
56
116
556
234
522
51
894
732
195
626
352
943
107
607
785
431
526
428
823
443
651
411
1019
85
962
152
244
158
571
253
306
627
369
862
862
891
913
732
600
84
334
952
3
441
535
788
872
37
192
672
481
844
59
476
929
1021
628
150
156
175
403
462
803
772
300
641
639
189
349
215
274
683
143
277
100
678
42
973
716
234
621
173
54
680
649
984
677
253
110
833
429
513
271
208
261
571
849
900
761
174
92
11
857
235
288
957
914
330
906
606
565
503
779
619
159
404
579
837
657
689
646
62
178
918
270
439
465
95
316
202
269
408
213
102
643
502
36
533
832
942
115
373
422
894
993
581
274
548
394
932
214
17
994
392
935
241
832
376
336
124
579
606
532
792
708
151
270
744
685
79
663
800
452
61
671
421
642
945
970
13
853
160
30
824
552
965
41
360
317
377
484
896
983
1016
665
668
144
935
388
829
1014
27
605
443
88
252
864
731
174
810
744
3
970
774
827
499
715
868
859
8
222
320
905
181
312
546
849
456
457
214
261
448
241
867
891
330
95
731
37
269
518
781
273
464
531
76
963
222
945
799
230
143
95
111
324
407
657
150
864
91
364
101
539
605
968
406
935
40
113
972
309
631
729
582
72
236
659
11
458
580
810
689
723
905
800
23
289
434
173
129
525
537
230
40
119
175
446
30
215
559
1003
524
167
708
83
239
945
742
250
379
298
37
44
1021
942
845
20
207
255
194
336
780
731
567
820
850
742
242
881
957
801
860
457
968
544
540
183
465
258
434
845
556
471
889
553
389
710
574
597
965
768
933
721
475
476
517
302
194
759
159
127
537
1019
585
481
539
101
665
1005
360
75
826
916
546
691
446
935
378
1020
508
319
764
418
17
215
894
534
517
65
270
676
192
807
671
777
264
187
879
929
168
215
1004
994
107
526
661
553
438
15
549
946
335
289
340
352
505
211
886
1022
276
132
675
468
939
322
222
180
509
77
85
677
292
66
647
399
592
285
953
6
300
478
953
635
768
269
987
249
480
850
247
756
982
922
201
898
221
423
54
730
500
139
384
792
205
7
167
798
292
96
804
593
575
733
204
319
1003
168
568
459
1018
815
192
976
714
393
850
935
816
904
641
292
20
1
60
225
9
227
1023
301
324
804
894
899
513
75
194
492
243
762
952
237
553
120
189
243
513
16
154
305
920
796
597
940
797
657
142
806
884
141
84
184
945
978
59
435
29
253
927
272
1015
855
509
545
975
699
788
464
715
943
769
611
715
342
528
488
999
670
271
860
811
355
20
733
309
80
144
339
333
47
611
325
903
97
870
854
796
634
295
487
553
40
74
244
383
602
733
358
248
1004
194
36
335
215
769
644
295
913
983
628
960
571
953
839
668
799
670
440
410
965
927
963
1005
1001
184
364
580
917
723
828
897
917
864
208
108
609
852
403
498
812
8
435
359
961
250
3
737
920
443
123
861
346
62
843
323
246
183
903
139
906
708
12
800
548
220
908
134
49
288
632
861
296
43
196
233
294
199
970
190
642
69
28
988
132
871
287
378
30
167
518
937
875
530
713
399
751
597
533
800
885
142
637
157
185
833
391
479
8
337
670
650
407
698
614
539
545
901
917
575
44
411
488
919
942
177
295
669
775
828
445
636
970
58
794
132
891
161
611
899
498
257
525
905
955
115
420
476
1016
314
28
37
725
516
956
643
694
227
288
445
32
733
57
1002
791
851
110
658
1012
722
533
487
979
34
368
911
149
789
363
142
79
391
179
804
908
111
424
578
339
712
1023
371
422
56
349
189
908
460
848
896
158
357
359
113
392
728
0
541
493
364
683
572
755
862
352
639
974
776
193
289
465
192
660
887
249
1009
52
133
445
900
5
603
234
365
717
626
69
717
143
562
57
827
110
813
665
462
428
615
215
622
904
680
814
540
543
39
526
595
172
971
472
178
551
706
543
244
308
612
961
451
150
1019
254
260
808
920
722
212
511
937
834
392
593
625
932
112
664
434
708
837
382
156
1015
933
862
534
153
146
122
90
597
272
85
852
532
893
748
230
82
235
144
916
627
737
517
536
850
158
970
534
995
328
690
986
237
528
496
390
674
618
481
247
890
566
75
398
436
823
628
518
35
772
410
662
486
928
174
312
62
121
846
33
449
512
1019
687
16
491
53
690
85
534
937
975
77
1013
349
513
812
977
7
847
726
417
486
188
321
660
500
383
781
322
416
207
834
411
894
850
902
947
516
987
458
429
938
535
418
263
24
207
217
31
30
943
448
516
107
770
153
607
129
934
929
546
117
739
957
1011
565
836
935
57
799
369
486
714
904
905
977
928
88
170
959
118
89
383
635
196
129
788
803
259
698
708
805
816
423
738
803
988
550
714
21
326
59
508
16
963
389
993
867
477
140
802
595
229
162
206
426
291
994
205
550
669
914
331
461
313
46
240
278
596
955
299
922
1014
807
938
954
172
908
797
649
24
576
221
253
738
427
679
5
398
885
556
43
775
887
504
64
933
744
342
506
675
642
404
666
425
319
596
598
203
369
223
227
945
444
480
659
872
136
665
246
1021
197
289
772
60
793
836
994
513
155
476
165
797
880
831
198
175
403
796
378
772
1020
605
694
440
62
329
288
198
994
534
195
167
823
967
228
592
779
198
82
934
674
247
707
530
54
906
706
457
678
60
205
674
666
899
91
728
205
379
926
175
914
97
343
713
40
571
282
819
769
364
730
419
611
413
949
665
295
631
98
974
692
303
624
334
179
715
38
384
71
964
559
985
37
902
674
77
449
956
896
194
296
602
613
907
1016
539
548
287
146
646
237
838
950
862
148
105
553
186
489
624
126
24
585
163
927
236
240
352
168
113
547
465
715
136
348
707
675
897
995
822
519
208
636
445
46
785
550
600
971
15
200
74
40
786
237
967
1022
478
295
166
591
842
631
282
979
980
990
630
853
961
428
348
145
41
794
192
826
320
792
773
336
992
847
376
754
61
319
752
539
614
919
106
433
526
388
388
482
354
1018
311
291
423
660
437
464
430
629
266
750
397
15
62
365
863
438
96
924
757
848
439
348
743
545
781
246
933
145
728
264
139
16
555
562
676
992
2
82
597
268
832
994
284
895
336
123
309
432
23
43
256
462
391
1000
1007
148
222
916
293
950
156
432
966
712
995
618
680
997
700
254
242
509
224
526
380
560
649
689
992
672
732
225
110
99
201
93
247
423
1009
540
349
142
973
292
854
944
910
510
917
587
764
135
72
989
661
452
525
286
117
494
958
850
719
44
949
920
137
173
319
123
713
668
265
662
960
95
582
847
605
476
410
346
611
482
311
249
934
836
535
27
306
470
877
1
514
803
921
652
976
216
775
665
885
16
304
821
111
886
644
716
338
30
38
950
512
349
175
422
162
710
450
468
156
303
470
671
82
367
299
34
584
50
700
445
66
1004
242
177
866
887
893
181
917
932
107
406
257
282
828
419
992
254
888
125
558
334
796
640
701
71
675
261
121
351
706
187
331
949
364
173
812
233
354
705
141
461
87
399
743
916
818
712
146
682
837
704
1016
609
321
694
680
996
955
801
323
638
988
654
563
328
827
351
561
158
32
703
619
120
78
339
12
896
27
158
555
864
863
547
449
160
217
105
132
149
906
455
787
870
85
326
174
912
677
735
46
709
414
666
829
492
1005
841
365
8
1000
920
872
839
443
297
999
661
402
107
810
284
562
573
130
647
899
304
535
552
15
582
237
430
224
43
922
205
884
263
213
860
159
61
675
603
358
650
240
760
757
26
20
295
599
150
942
474
454
454
2
469
12
239
899
236
282
798
441
143
37
654
1003
197
715
655
800
49
281
16
809
15
42
829
310
641
979
229
91
409
683
93
878
695
332
754
931
615
528
348
758
565
1002
737
762
693
368
538
742
650
554
527
665
596
332
975
213
287
180
304
696
863
397
550
534
730
280
441
321
808
789
55
350
767
792
88
436
137
627
154
787
157
681
428
754
1013
379
967
276
560
248
972
399
645
499
934
351
779
351
672
564
117
727
914
884
496
1002
297
633
605
451
396
763
109
824
493
98
179
436
375
739
684
323
115
306
822
25
657
578
376
306
118
493
9
8
354
505
1010
651
114
592
78
510
331
187
310
824
286
490
236
661
205
921
984
320
203
783
345
860
337
722
142
455
191
152
463
545
657
449
172
772
17
251
258
348
438
569
148
724
35
385
361
240
282
322
561
485
81
906
321
418
604
464
873
796
616
312
317
249
761
490
1021
779
741
256
103
155
825
252
880
860
637
217
76
919
539
637
380
620
520
701
14
100
141
887
896
757
175
190
1007
937
680
1004
692
397
236
795
552
37
23
408
897
660
626
974
555
141
587
935
762
83
613
776
184
754
640
56
488
815
246
471
728
926
451
396
299
688
168
852
725
191
236
599
852
862
549
383
1004
112
295
742
196
908
494
380
638
110
436
102
926
683
573
630
585
1
3
885
689
171
713
390
362
949
989
190
788
514
574
768
627
869
486
823
753
980
179
367
67
615
470
993
274
19
599
860
20
602
721
709
773
410
76
112
335
41
302
99
556
876
867
159
721
329
982
450
286
137
818
353
752
264
322
3
283
921
863
304
500
560
1013
249
970
65
361
281
107
664
381
663
516
224
822
214
554
780
664
840
917
458
169
645
722
491
648
1006
388
487
286
888
23
275
114
993
341
475
251
448
115
632
87
632
856
909
846
386
665
486
202
558
945
371
179
643
862
828
625
227
291
911
91
315
163
205
284
504
681
535
952
796
143
15
404
1000
924
226
362
565
713
565
99
634
936
278
253
775
82
879
1002
374
766
69
689
929
275
973
409
956
485
337
728
628
352
109
604
252
335
967
817
24
508
916
658
420
171
912
171
253
767
149
627
509
219
292
415
494
242
824
426
727
138
130
331
490
239
936
743
575
879
536
599
363
429
234
783
600
122
955
853
889
80
457
374
299
749
789
793
991
590
195
694
728
326
2
194
565
938
937
116
793
450
716
132
879
950
915
455
48
846
284
937
927
741
287
202
467
53
996
434
643
167
105
347
493
107
541
35
21
455
151
814
905
867
946
760
793
837
191
841
660
475
754
563
193
18
765
660
71
737
70
714
905
175
37
374
282
578
409
303
9
561
93
914
404
15
650
174
853
841
1015
489
293
746
28
486
764
793
122
835
507
192
525
388
368
562
762
650
116
148
954
126
709
23
16
89
39
667
263
892
484
255
357
777
1001
385
239
741
154
361
552
661
554
53
25
922
615
788
548
731
936
478
857
621
502
874
710
541
517
974
409
1001
205
766
755
182
127
994
923
281
332
451
943
886
504
968
784
95
732
308
826
644
787
660
241
265
510
952
806
3
902
191
1004
83
957
735
265
60
706
164
341
14
615
260
900
95
205
660
190
937
968
1016
558
731
652
799
996
138
727
778
141
605
969
122
688
902
857
953
962
539
93
280
553
708
540
429
803
745
65
993
659
10
986
193
741
614
992
714
753
696
468
894
277
414
1016
966
292
850
895
231
365
989
511
919
673
27
324
453
773
390
422
408
400
384
601
117
999
569
831
728
241
276
598
519
690
591
461
982
417
332
189
782
297
700
677
971
728
1002
400
477
368
822
885
768
183
462
885
158
7
693
886
249
969
460
768
635
27
205
593
444
537
783
203
835
459
880
782
163
858
158
640
202
980
501
970
139
963
832
297
971
501
159
196
446
620
964
57
647
145
650
68
682
409
271
493
869
127
251
8
986
409
649
164
366
126
111
505
66
943
803
13
420
962
209
866
558
149
923
182
294
549
250
976
959
521
446
804
648
697
812
610
83
437
775
449
564
886
954
630
805
733
643
201
672
852
43
206
1001
966
388
271
491
638
223
426
135
669
206
784
343
1019
370
426
432
121
875
996
1007
805
602
788
515
221
989
163
49
8
369
26
974
758
297
442
372
521
868
508
166
51
268
509
46
638
935
478
760
786
451
743
568
29
508
59
251
473
222
300
482
591
327
432
325
624
874
698
121
719
182
288
770
450
797
816
64
709
270
824
471
721
544
15
751
28
74
1002
501
296
278
983
888
605
392
189
206
242
887
327
961
45
615
707
495
389
499
560
74
770
360
545
467
904
561
194
932
635
172
410
932
451
369
796
32
761
985
238
1004
849
566
941
894
157
625
366
546
100
926
620
870
262
142
314
143
703
508
51
314
681
461
222
108
831
1018
140
568
980
379
548
805
945
466
675
78
67
17
625
167
943
221
14
182
363
328
325
42
836
376
357
493
838
579
601
645
574
742
189
530
97
738
311
18
180
986
96
247
1004
721
414
923
943
428
81
282
756
406
325
569
783
682
38
597
237
640
218
811
358
407
317
455
121
628
473
301
591
569
548
571
267
963
470
186
367
552
468
100
958
793
669
717
451
707
290
689
323
508
476
681
916
794
112
13
398
585
315
989
131
863
536
398
802
1007
584
146
535
28
246
469
822
915
163
249
598
453
938
922
962
391
579
854
161
692
867
559
253
158
525
384
1022
37
782
800
20
342
946
555
371
168
1
169
59
164
418
658
617
333
556
555
724
111
385
885
803
229
420
33
387
945
417
385
983
176
162
1003
518
84
535
889
253
536
34
312
700
453
970
293
786
502
849
486
614
210
347
393
439
767
426
827
689
844
188
648
1020
350
627
514
435
138
380
688
674
414
1000
350
867
947
644
629
425
469
91
15
679
438
409
95
182
835
922
871
655
86
495
651
437
98
142
872
237
522
536
911
936
512
238
780
435
882
385
861
327
477
876
1006
915
261
77
73
73
999
944
728
62
415
356
499
514
498
347
751
1020
883
638
932
371
876
688
807
734
50
644
37
527
496
20
418
758
97
492
831
73
412
535
135
828
891
634
318
365
981
45
361
840
683
270
187
536
958
994
246
1008
614
284
511
87
304
930
845
401
398
652
474
810
163
609
614
31
219
932
396
176
977
758
1016
637
4
180
149
962
150
395
947
765
679
434
852
983
340
673
361
738
301
835
525
464
421
115
495
640
24
892
817
1001
626
809
614
630
989
763
568
116
135
491
881
814
926
709
774
242
358
111
981
659
946
482
99
343
597
595
984
621
463
777
599
65
562
189
695
528
953
239
644
64
731
501
878
633
186
628
875
544
739
832
179
662
290
278
1005
888
873
965
485
312
718
60
377
257
250
48
785
179
288
405
243
1019
906
97
628
68
726
479
612
441
288
791
79
578
45
61
442
919
2
928
207
721
988
585
978
214
633
739
393
921
120
636
916
2
734
520
70
436
1000
682
877
264
449
957
842
494
1018
261
389
1020
165
597
717
129
158
671
344
791
386
737
689
506
350
581
508
60
78
578
496
54
236
349
318
685
282
136
156
276
397
545
273
562
118
990
692
276
638
12
44
0
749
733
507
75
290
1015
135
368
570
631
422
806
981
740
468
239
877
624
516
250
145
789
813
264
755
481
540
369
493
584
370
218
293
877
294
584
868
429
952
414
37
351
197
1018
67
665
233
944
265
749
171
410
514
984
674
246
441
191
615
934
775
985
128
45
838
422
629
683
852
557
73
889
908
270
883
976
935
92
896
176
842
43
587
332
3
237
578
444
428
170
354
180
131
483
225
970
905
854
629
733
387
702
598
272
973
457
224
884
550
96
37
368
140
624
700
143
861
255
588
266
425
942
446
556
401
671
502
283
501
107
1016
888
810
591
136
759
24
360
619
574
457
656
942
597
256
619
740
94
874
304
360
275
223
806
831
624
453
310
907
954
417
900
818
203
467
955
962
491
291
558
42
748
190
984
321
447
579
38
541
429
342
901
704
565
683
512
166
112
822
49
42
215
949
860
419
392
791
357
884
59
915
926
807
82
886
105
529
442
143
46
871
485
947
552
27
606
40
193
718
862
242
760
53
168
596
472
560
364
830
420
423
721
322
206
803
185
311
308
627
454
354
474
940
277
2
967
883
42
136
577
904
378
313
958
546
910
406
83
250
212
503
673
934
826
879
713
1011
167
1022
614
621
352
64
537
630
67
480
489
109
616
43
1014
995
356
948
517
242
330
600
492
543
80
141
453
906
1021
142
893
164
140
483
785
493
547
299
99
614
779
588
724
372
631
714
343
988
638
860
206
968
437
699
487
517
840
940
399
837
59
268
1001
199
751
763
692
274
38
791
889
817
356
589
165
987
279
508
951
917
345
134
861
782
833
325
275
649
241
674
463
300
942
440
500
669
179
168
943
217
960
808
11
292
373
176
255
652
685
183
545
6
317
383
788
126
708
39
775
949
713
214
226
631
655
726
276
834
894
195
28
830
1004
39
98
353
215
354
1006
900
537
527
906
854
910
670
980
594
709
731
520
398
946
746
5
577
448
281
387
318
477
415
125
457
454
223
810
670
577
792
546
90
296
429
944
182
75
900
777
785
608
273
159
530
1019
165
83
443
446
470
761
923
886
886
356
316
86
143
986
663
935
509
754
207
938
674
390
1013
551
143
774
135
416
934
665
411
75
748
854
521
194
591
421
56
454
777
373
540
920
335
179
832
844
933
15
758
584
405
748
111
548
498
246
964
408
911
351
483
635
181
1005
829
773
402
886
203
155
235
743
52
570
922
884
391
832
899
125
392
281
873
503
829
348
749
770
756
636
97
216
247
279
197
52
28
599
938
231
754
149
974
806
720
872
666
87
680
542
212
48
823
62
551
628
410
276
374
142
912
472
358
135
751
555
188
779
130
102
1010
885
252
960
667
972
808
310
35
465
852
247
513
651
309
41
255
719
317
630
862
206
78
196
341
829
752
529
584
882
632
570
743
884
506
387
832
290
697
867
755
525
90
245
152
400
286
407
95
603
13
957
809
91
130
127
920
882
656
480
740
264
26
460
124
532
847
956
823
520
799
554
21
890
799
173
266
61
580
361
665
594
295
450
685
425
577
582
283
210
38
1023
474
65
459
599
597
282
531
396
802
307
951
823
173
726
996
439
788
553
800
429
123
71
879
808
496
433
366
779
643
405
779
93
470
214
692
43
497
200
440
275
507
367
75
680
69
47
95
857
600
895
262
723
967
118
508
439
551
874
195
170
255
974
263
725
164
956
769
661
132
185
937
639
552
1012
295
621
35
390
455
636
261
717
335
204
835
843
644
362
694
839
532
949
789
796
651
953
728
396
591
860
581
504
475
109
492
770
730
527
136
161
139
397
879
475
602
690
294
222
29
988
37
561
914
826
333
541
755
37
937
322
897
494
826
348
603
294
94
309
822
230
471
961
628
326
412
206
1016
707
428
21
671
465
583
561
267
916
78
1022
954
1015
321
827
485
123
152
64
418
246
374
216
477
845
153
81
147
566
287
139
249
715
161
920
156
744
458
423
636
536
421
566
528
742
370
1013
866
522
54
260
768
428
476
221
249
629
302
396
171
589
535
420
280
696
317
436
416
775
859
29
287
257
595
815
999
965
805
841
463
859
77
208
263
553
429
512
159
732
908
330
297
419
751
578
92
44
1014
508
819
850
537
82
83
109
898
58
50
679
900
514
514
977
722
777
507
127
265
666
859
149
996
133
568
723
711
660
767
701
145
562
527
682
645
610
791
519
669
842
174
545
332
688
498
30
441
1005
157
706
647
1017
855
620
126
399
319
837
36
63
514
181
625
18
863
246
628
631
765
273
449
939
818
781
603
293
811
20
274
968
726
922
961
557
518
63
957
837
900
993
900
391
150
502
409
1013
748
13
620
490
287
45
405
81
826
1009
374
613
5
649
558
732
547
495
265
41
559
198
878
435
167
755
826
317
233
211
307
981
225
927
447
512
973
853
593
775
838
968
365
843
593
923
551
116
394
817
157
953
1015
11
365
159
766
167
476
999
379
783
957
604
687
380
92
636
209
685
387
23
629
752
867
198
651
394
314
22
187
471
975
179
483
316
338
225
484
814
201
863
574
134
443
237
514
535
873
724
196
236
747
826
989
590
0
616
985
315
638
148
786
590
327
245
906
665
471
366
456
672
205
6
806
648
243
296
159
92
1020
356
328
744
158
293
310
158
910
271
473
524
420
236
90
747
481
997
389
952
339
845
600
545
851
382
169
70
679
329
162
675
685
490
395
843
784
706
1001
670
977
451
170
373
687
261
97
144
234
486
73
573
307
673
94
134
32
264
204
711
593
366
362
254
856
758
73
616
440
50
262
393
501
433
767
164
694
864
309
928
326
382
477
633
31
572
767
63
836
971
774
405
313
113
659
145
871
732
762
287
782
0
680
260
433
423
424
103
263
733
7
589
91
485
198
123
33
965
186
869
912
961
250
201
50
909
347
921
617
85
184
375
85
864
635
519
264
36
622
527
769
630
93
861
91
291
984
124
233
146
993
121
83
219
323
133
104
670
30
721
755
214
72
840
55
708
335
319
744
958
846
489
564
939
326
655
207
286
779
440
433
748
561
516
967
884
650
47
530
680
768
261
895
840
78
950
524
413
245
244
347
67
734
911
1007
36
542
190
323
297
630
756
21
167
248
988
28
898
11
558
555
779
820
426
596
898
352
96
287
597
341
635
664
51
522
647
87
41
837
410
338
443
142
360
611
391
324
639
265
336
173
820
91
993
222
687
867
574
784
131
147
101
766
812
152
264
435
239
305
249
650
644
692
792
1004
279
159
304
918
425
640
68
221
732
37
444
395
905
1018
155
12
142
256
778
954
408
18
365
648
324
614
274
968
283
42
948
562
202
228
457
627
869
525
848
577
562
268
972
443
263
104
455
405
360
209
335
769
228
700
393
552
291
667
496
574
709
420
112
911
648
569
514
493
70
339
46
633
607
1019
52
870
99
508
251
459
717
586
204
945
263
597
473
554
240
969
104
950
365
216
837
1014
786
328
483
856
667
530
465
250
525
518
97
624
2
348
59
719
935
264
641
174
861
90
728
78
36
832
4
401
24
841
391
810
145
875
643
812
381
84
39
906
602
136
506
604
484
565
300
395
829
941
569
667
7
273
745
43
81
749
445
106
566
836
916
712
687
535
500
44
620
539
950
198
675
432
803
136
998
79
531
803
1020
77
446
3
350
167
47
432
916
492
538
459
304
430
147
992
966
647
12
562
163
963
760
838
371
539
974
345
618
482
125
614
559
571
618
909
739
665
317
631
133
855
66
437
262
213
405
204
861
418
766
0
357
502
838
728
18
789
50
636
247
175
227
806
746
845
691
461
486
1009
69
619
840
135
32
78
349
438
282
186
856
24
186
189
527
0
917
545
789
967
157
12
118
384
818
865
205
486
302
691
471
371
286
287
507
319
366
856
757
648
18
589
673
204
778
176
204
671
721
994
615
878
1006
733
239
801
574
444
263
877
112
734
224
398
1021
731
717
363
563
450
1012
581
15
661
785
793
837
990
441
534
960
32
388
942
765
627
719
316
48
982
169
160
692
393
558
690
101
252
29
664
702
17
222
718
678
1007
487
491
973
928
1
909
960
390
828
702
1017
523
1018
41
482
163
201
150
556
760
840
657
1012
870
298
690
887
520
384
542
503
872
9
453
776
11
338
713
401
142
391
394
666
385
436
124
548
637
274
80
373
91
738
361
961
12
28
824
532
412
342
11
260
352
464
13
363
803
726
764
945
93
134
587
478
570
711
2
184
986
82
557
53
820
919
1014
832
947
814
340
335
133
352
596
485
816
609
848
595
311
588
517
404
722
80
882
269
792
884
453
754
966
1010
807
763
905
797
571
828
587
912
140
720
240
736
181
32
321
5
628
632
593
121
12
292
201
894
561
993
754
1014
723
696
1000
506
435
882
279
1007
686
867
895
826
563
111
538
745
143
859
750
771
467
320
892
479
612
70
349
149
39
79
139
763
776
115
245
187
997
525
170
660
368
41
462
931
152
1001
652
296
836
379
43
280
699
936
759
287
1006
85
436
21
164
575
784
940
690
6
104
664
531
274
300
899
316
762
806
468
739
435
764
552
814
808
832
489
720
567
776
702
652
188
723
817
763
484
733
429
490
837
69
1021
88
369
896
404
108
678
872
847
89
613
375
903
397
183
368
93
751
120
795
379
308
494
172
47
978
906
477
444
719
546
441
807
916
313
187
0
992
36
847
57
649
199
961
22
382
305
115
109
426
910
489
734
380
661
782
335
543
235
779
239
781
197
22
673
510
210
673
478
246
497
536
895
696
473
917
54
778
8
164
180
918
653
915
274
290
673
609
834
908
365
49
665
562
71
315
48
281
988
527
527
461
39
398
133
512
291
188
266
299
352
447
193
1005
338
468
271
1011
53
81
895
418
130
536
980
202
851
5
483
816
532
1011
253
571
385
387
59
677
575
325
976
927
772
146
908
86
614
155
73
667
237
968
62
367
481
18
569
308
23
29
100
555
16
354
102
401
741
161
54
292
487
7
195
235
153
79
322
767
234
395
410
471
340
472
839
821
491
384
105
514
413
206
46
429
560
148
831
277
310
885
569
797
892
764
8
21
843
330
788
53
726
175
525
42
647
340
863
114
724
968
629
114
150
675
543
710
823
350
987
109
212
532
906
80
272
915
102
91
221
890
145
947
41
670
989
689
1010
828
803
710
773
408
824
923
59
344
610
883
694
573
992
906
82
875
987
354
766
65
446
987
955
591
911
997
237
876
662
223
681
441
933
430
850
734
329
909
54
939
768
748
489
737
631
571
588
594
925
330
659
347
293
590
938
180
563
151
33
201
374
714
643
284
120
469
1018
449
354
48
365
99
796
854
836
403
401
400
997
302
730
632
650
1023
199
564
180
762
716
213
964
66
927
583
350
23
28
344
472
382
392
837
481
165
667
293
568
44
693
542
347
399
150
997
399
349
537
579
88
229
792
28
296
695
611
646
718
639
991
166
1021
359
1004
479
524
647
772
69
692
442
611
15
841
761
1012
216
87
525
795
175
755
563
203
27
234
814
673
952
429
640
95
426
1000
75
905
500
722
654
569
390
72
156
405
913
918
393
106
1005
919
901
156
650
441
359
677
675
149
326
604
578
967
699
1004
943
774
886
419
472
516
989
863
588
121
244
477
15
638
583
1020
533
461
152
159
902
511
836
553
660
138
133
214
81
832
195
0
582
57
420
31
573
385
894
137
506
114
614
522
752
174
518
261
635
671
420
513
158
232
42
819
371
176
9
452
1008
204
453
567
261
873
598
834
234
468
971
740
582
562
238
311
736
757
572
347
404
993
860
562
201
902
357
572
54
367
1
39
571
454
606
833
303
180
643
537
648
591
253
206
129
492
517
865
225
66
188
629
35
24
167
236
926
525
809
981
892
810
1020
439
240
602
248
543
782
892
56
406
459
309
612
588
801
106
429
2
172
617
631
207
641
799
443
543
300
228
500
168
14
496
607
254
74
856
797
856
724
853
238
159
139
851
747
940
957
152
943
105
769
550
312
386
325
755
929
625
984
406
793
998
902
377
229
977
209
2
809
933
856
24
68
995
875
815
911
808
967
830
913
712
357
201
74
682
956
1003
284
916
385
53
891
264
430
96
217
639
98
2
548
954
26
616
925
901
407
813
685
350
619
574
38
976
775
112
635
708
92
919
600
477
972
467
741
379
563
958
1018
662
961
543
592
987
135
494
865
543
283
526
893
902
77
932
855
852
20
466
536
112
361
113
590
309
580
307
688
120
242
683
782
179
202
350
142
337
844
1007
880
103
510
750
1006
587
658
837
415
678
279
952
791
640
41
357
949
621
664
614
741
906
273
499
61
475
850
204
812
670
187
669
774
697
395
756
260
29
569
676
707
848
604
474
464
645
831
389
242
472
1003
984
354
252
459
416
727
285
620
516
956
807
161
706
481
556
438
741
585
1007
393
268
831
997
743
271
618
550
660
861
1022
640
821
353
892
256
769
596
542
365
88
474
148
249
156
629
805
594
347
366
577
740
634
384
714
353
655
308
904
291
145
902
931
966
231
800
199
1000
372
741
341
460
191
490
709
347
95
490
941
442
856
494
159
466
878
873
820
509
157
700
800
303
578
708
245
810
484
444
786
856
161
104
292
352
594
1001
699
689
467
616
108
299
86
267
765
964
116
561
449
273
237
226
576
816
934
822
602
394
242
364
226
404
468
518
756
38
495
432
728
962
24
836
237
111
79
1002
51
195
540
501
468
777
727
21
569
637
843
147
7
61
512
233
465
980
751
198
1019
222
630
723
160
654
535
397
765
614
375
817
809
915
294
253
669
1021
274
214
634
93
362
641
155
874
874
620
830
601
818
825
823
424
524
983
55
35
356
820
649
731
613
434
623
907
688
268
904
962
482
514
32
844
131
187
694
1005
807
501
582
602
302
381
2
827
340
57
862
696
878
488
404
467
922
3
351
586
271
231
525
753
746
557
574
877
744
244
859
527
745
417
105
24
799
108
851
115
165
689
812
19
153
192
487
52
195
838
638
466
45
139
195
791
696
769
645
416
1014
480
944
735
897
25
759
672
133
586
788
299
252
576
318
405
768
805
457
963
619
72
405
665
211
600
432
908
346
53
300
336
533
220
47
407
246
807
55
379
369
843
678
621
395
997
3
139
778
460
78
374
532
483
15
744
60
447
628
406
501
928
742
10
125
789
417
371
572
473
750
942
292
405
539
688
378
542
827
132
1003
906
506
511
365
521
231
425
969
859
831
446
764
549
456
889
315
874
236
887
323
986
805
615
367
321
279
745
863
83
878
842
989
360
330
330
882
561
756
827
397
563
249
137
89
705
2
404
555
238
267
878
200
49
470
568
370
749
289
209
832
143
28
797
504
358
104
362
919
860
165
292
399
414
429
488
95
431
892
651
669
136
505
870
185
975
414
555
701
703
764
509
847
792
283
327
126
387
689
22
223
854
314
622
244
744
87
339
151
979
990
821
91
472
667
276
423
57
831
100
760
572
610
583
340
893
910
467
256
575
489
479
405
803
77
649
523
164
989
675
120
955
472
211
403
115
488
827
172
295
927
932
867
513
492
184
382
378
651
638
954
116
93
335
919
171
985
419
335
950
70
455
881
542
667
261
657
131
64
829
426
991
737
270
481
205
454
863
584
81
478
514
197
571
849
92
742
810
511
54
736
581
509
594
99
152
855
756
283
919
561
710
886
275
980
343
480
410
183
40
491
661
554
688
208
380
780
951
166
268
1005
903
849
490
473
949
643
304
681
926
199
219
612
61
494
568
405
974
978
588
1015
445
225
545
109
433
925
890
360
68
134
341
971
983
832
420
908
451
724
566
353
923
785
966
984
255
510
365
205
465
953
196
910
154
742
1020
588
643
886
948
711
1020
266
658
979
74
54
864
525
778
406
878
677
167
820
638
422
307
1003
627
772
933
824
658
63
542
654
651
161
516
576
873
512
842
507
468
916
562
308
417
316
714
271
994
881
68
608
279
375
587
906
123
496
706
781
560
224
412
187
386
928
763
235
417
581
742
885
473
280
169
890
597
883
138
567
740
206
151
1019
581
738
901
704
211
584
461
771
808
873
958
170
778
698
405
171
255
124
32
729
404
201
595
1001
60
733
544
800
939
695
795
496
410
672
176
621
232
638
368
17
487
302
187
241
1000
593
412
232
717
444
961
97
645
532
75
705
242
619
481
157
291
252
654
701
925
830
298
133
444
666
150
932
968
338
149
945
931
562
153
624
1006
90
721
628
622
796
309
864
392
791
1022
683
19
652
360
944
458
658
54
903
300
204
811
244
542
960
165
449
498
318
49
481
408
771
85
7
543
394
871
935
161
869
594
181
497
954
101
956
588
155
835
888
360
622
109
902
558
274
328
33
593
377
514
1001
124
599
1008
668
993
856
579
131
701
150
312
175
80
413
107
669
569
942
533
929
540
642
807
74
917
111
107
486
489
621
463
613
196
448
257
166
280
837
297
981
987
609
132
43
1022
239
712
567
157
222
472
697
864
256
772
757
367
879
219
856
477
683
446
673
107
703
839
387
516
112
344
479
721
477
523
720
716
211
263
874
433
736
547
274
992
295
7
335
151
227
168
628
910
614
277
1017
293
93
380
810
205
724
265
927
177
788
623
894
1000
886
744
409
598
267
683
566
563
691
902
714
918
46
318
804
660
595
797
953
688
153
739
894
877
1005
797
31
769
396
925
745
258
645
131
857
912
814
399
451
481
277
141
375
323
459
155
983
31
952
913
719
81
628
589
959
609
362
990
355
758
891
76
1017
512
207
850
400
1022
225
852
479
503
993
855
826
429
1010
786
460
939
675
155
1020
279
745
955
889
83
921
220
842
788
296
835
276
504
661
677
502
886
505
981
365
474
812
168
903
799
954
339
714
605
495
710
884
216
642
749
299
539
969
117
304
242
952
580
746
589
233
224
452
738
181
817
189
994
985
68
769
915
408
459
496
903
145
357
95
787
82
394
303
28
512
607
270
440
163
1016
6
397
216
458
111
397
251
300
367
213
369
112
104
777
571
601
656
717
958
751
480
16
121
783
44
633
366
314
50
530
306
56
927
522
514
14
920
765
315
263
978
684
376
59
437
947
660
69
640
594
820
97
610
941
880
655
551
223
969
601
753
252
657
656
774
147
670
670
912
985
934
867
645
286
926
58
209
562
127
850
132
947
947
742
865
803
373
392
2
319
993
755
571
626
387
321
773
34
992
661
1019
902
504
641
164
406
699
373
968
827
199
76
750
122
819
591
926
168
983
928
487
952
660
34
554
23
356
303
57
324
965
53
202
445
694
366
852
369
739
796
172
939
873
923
37
668
490
963
836
450
868
300
378
504
334
933
527
690
212
585
1014
153
638
192
599
308
558
427
677
274
199
850
189
48
749
226
716
215
166
529
665
10
829
20
514
139
953
17
830
141
602
820
295
216
1013
894
524
547
297
178
821
496
4
1010
545
753
213
237
968
379
766
610
389
571
630
903
711
559
920
517
700
499
313
995
715
302
865
216
850
138
394
647
635
398
634
156
127
847
393
71
202
136
681
591
707
287
470
394
846
366
911
523
865
201
494
557
503
336
773
329
474
143
977
85
541
587
241
668
410
635
739
612
771
397
179
454
684
649
849
507
1015
736
6
857
937
500
390
417
836
139
746
287
282
699
372
823
262
614
467
672
225
182
260
996
579
439
426
240
64
251
747
56
988
753
913
901
229
279
294
42
418
17
329
700
716
701
499
979
291
966
627
516
124
888
488
704
303
915
944
368
142
667
424
106
396
313
1008
625
592
278
667
1010
295
996
686
1012
674
161
967
965
103
570
458
227
434
946
931
738
837
851
82
980
494
506
62
890
819
46
492
387
325
135
373
620
108
35
608
782
196
551
723
299
98
157
526
532
80
434
246
917
261
328
873
756
834
936
622
629
982
90
1016
283
226
365
904
334
400
488
92
596
16
815
895
114
973
398
646
29
832
893
946
69
197
796
825
8
708
424
637
666
514
630
950
740
995
830
50
372
294
142
968
310
958
840
424
907
214
47
936
22
940
858
91
113
630
917
121
314
317
759
981
831
365
907
548
336
713
598
708
1007
741
653
294
675
469
718
558
683
765
470
705
681
304
796
795
935
689
916
225
1006
651
182
814
1016
65
338
329
778
936
13
762
653
666
32
304
111
750
862
794
492
308
475
149
613
248
944
524
937
837
749
920
464
932
710
457
997
24
786
752
960
799
490
590
442
522
894
553
248
733
324
740
17
799
890
630
23
810
130
961
623
880
857
64
788
543
521
761
567
283
489
503
58
979
69
500
477
964
30
726
673
354
442
690
129
308
297
153
95
427
90
718
283
947
782
47
466
279
809
9
562
274
512
621
230
582
97
707
522
127
409
171
481
852
861
611
136
134
764
231
562
854
950
845
777
708
893
219
988
678
228
526
952
740
123
158
298
221
866
820
348
251
991
830
79
829
417
216
963
157
447
501
1011
373
323
764
58
192
983
22
870
187
548
798
927
672
957
202
893
799
1022
217
26
990
23
106
795
440
322
734
597
769
212
584
119
535
324
177
727
283
199
573
470
747
347
374
395
280
576
264
55
574
482
82
540
505
188
311
946
510
22
519
255
234
80
374
769
404
